lastAccountName: otherwise777
timestamps:
  login: 1458596746222
  lastteleport: 1458482062456
  logout: 1458597191364
ipAddress: 127.0.0.1
lastlocation:
  world: world
  x: 172.5
  y: 73.0
  z: 256.5
  yaw: 0.0
  pitch: 0.0
afk: false
logoutlocation:
  world: world
  x: 705.2453028631586
  y: 35.743234265310434
  z: 491.89994389428085
  yaw: 31.799894
  pitch: 44.850025
