lastAccountName: otherwise777
timestamps:
  login: 1458480755793
  lastteleport: 1458477959598
ipAddress: 127.0.0.1
lastlocation:
  world: world
  x: -3.6999999880790715
  y: 63.0
  z: 14.69999998807907
  yaw: -72.15002
  pitch: 9.149991
afk: false
