lastAccountName: otherwise777
timestamps:
  login: 1458486137621
  lastteleport: 1458482062456
  logout: 1458486206458
ipAddress: 127.0.0.1
lastlocation:
  world: world
  x: 172.5
  y: 73.0
  z: 256.5
  yaw: 0.0
  pitch: 0.0
afk: false
logoutlocation:
  world: world
  x: 644.0314891672315
  y: 15.146335277306424
  z: 418.1194616171925
  yaw: -55.800186
  pitch: 20.099997
