lastAccountName: otherwise777
timestamps:
  login: 1459416172935
ipAddress: 127.0.0.1
logoutlocation:
  world: world
  x: 461.87740992434664
  y: 112.50485398242849
  z: 610.618871930533
  yaw: 91.34977
  pitch: 81.60004
